Text
545.0682627828643
299.6322564180757
6
543.0
294.0
Text
687.6718941423176
971.9928998750861
363
411.0
737.0
Text
502.6192415993935
629.8465072008978
330
806.0
500.0
Text
855.7577923299368
146.46951542697406
489
700.0
610.0
Text
351.3516346021405
430.5152310859206
207
549.0
369.0
Text
549.461226719191
177.98669330283218
8
549.0
170.0
Text
424.0405020499135
807.2238274491908
360
717.0
598.0
Text
648.8940519628173
636.3560959524074
205
717.0
443.0
Text
732.8273679346829
291.30009103398936
29
717.0
267.0
Text
1113.5818716779393
569.3632841594303
403
717.0
641.0
Picture
1046.2531294817857
725.0000088257286
Picture
940.0073894975546
740.0000087830961
Picture
725.0289695151735
750.0000087546744
Picture
799.6074794455444
999.9999988285126
Picture
445.592529561721
872.0000087376213
Picture
515.7195695815983
636.0000090786818
